10, 2; 10, 2; 10, 2; 10, 2; 10, 2;  910 Начальное решение
окрестность 1 вида
9, 3; 10, 2; 10, 2; 10, 2; 10, 2;  910
10, 2; 9, 3; 10, 2; 10, 2; 10, 2;  910
10, 2; 10, 2; 9, 3; 10, 2; 10, 2;  910
10, 2; 10, 2; 10, 2; 9, 3; 10, 2;  910
10, 2; 10, 2; 10, 2; 10, 2; 9, 3;  910
комбинации типов
9, 3; 9, 3; 10, 2; 10, 2; 10, 2;  910
9, 3; 10, 2; 9, 3; 10, 2; 10, 2;  910
9, 3; 10, 2; 10, 2; 9, 3; 10, 2;  910
9, 3; 10, 2; 10, 2; 10, 2; 9, 3;  910
10, 2; 9, 3; 9, 3; 10, 2; 10, 2;  910
10, 2; 9, 3; 10, 2; 9, 3; 10, 2;  910
10, 2; 9, 3; 10, 2; 10, 2; 9, 3;  910
10, 2; 10, 2; 9, 3; 9, 3; 10, 2;  910
10, 2; 10, 2; 9, 3; 10, 2; 9, 3;  910
10, 2; 10, 2; 10, 2; 9, 3; 9, 3;  910
окрестность 1 вида
8, 4; 10, 2; 10, 2; 10, 2; 10, 2;  910
10, 2; 8, 4; 10, 2; 10, 2; 10, 2;  910
10, 2; 10, 2; 8, 4; 10, 2; 10, 2;  910
10, 2; 10, 2; 10, 2; 8, 4; 10, 2;  910
10, 2; 10, 2; 10, 2; 10, 2; 8, 4;  910
комбинации типов
8, 4; 8, 4; 10, 2; 10, 2; 10, 2;  910
8, 4; 10, 2; 8, 4; 10, 2; 10, 2;  910
8, 4; 10, 2; 10, 2; 8, 4; 10, 2;  910
8, 4; 10, 2; 10, 2; 10, 2; 8, 4;  910
10, 2; 8, 4; 8, 4; 10, 2; 10, 2;  910
10, 2; 8, 4; 10, 2; 8, 4; 10, 2;  910
10, 2; 8, 4; 10, 2; 10, 2; 8, 4;  910
10, 2; 10, 2; 8, 4; 8, 4; 10, 2;  910
10, 2; 10, 2; 8, 4; 10, 2; 8, 4;  910
10, 2; 10, 2; 10, 2; 8, 4; 8, 4;  910
окрестность 1 вида
7, 5; 10, 2; 10, 2; 10, 2; 10, 2;  910
10, 2; 7, 5; 10, 2; 10, 2; 10, 2;  910
10, 2; 10, 2; 7, 5; 10, 2; 10, 2;  910
10, 2; 10, 2; 10, 2; 7, 5; 10, 2;  910
10, 2; 10, 2; 10, 2; 10, 2; 7, 5;  910
комбинации типов
7, 5; 7, 5; 10, 2; 10, 2; 10, 2;  910
7, 5; 10, 2; 7, 5; 10, 2; 10, 2;  910
7, 5; 10, 2; 10, 2; 7, 5; 10, 2;  910
7, 5; 10, 2; 10, 2; 10, 2; 7, 5;  910
10, 2; 7, 5; 7, 5; 10, 2; 10, 2;  910
10, 2; 7, 5; 10, 2; 7, 5; 10, 2;  910
10, 2; 7, 5; 10, 2; 10, 2; 7, 5;  910
10, 2; 10, 2; 7, 5; 7, 5; 10, 2;  910
10, 2; 10, 2; 7, 5; 10, 2; 7, 5;  910
10, 2; 10, 2; 10, 2; 7, 5; 7, 5;  910
окрестность 1 вида
6, 6; 10, 2; 10, 2; 10, 2; 10, 2;  910
10, 2; 6, 6; 10, 2; 10, 2; 10, 2;  910
10, 2; 10, 2; 6, 6; 10, 2; 10, 2;  910
10, 2; 10, 2; 10, 2; 6, 6; 10, 2;  910
10, 2; 10, 2; 10, 2; 10, 2; 6, 6;  910
комбинации типов
6, 6; 6, 6; 10, 2; 10, 2; 10, 2;  910
6, 6; 10, 2; 6, 6; 10, 2; 10, 2;  910
6, 6; 10, 2; 10, 2; 6, 6; 10, 2;  910
6, 6; 10, 2; 10, 2; 10, 2; 6, 6;  910
10, 2; 6, 6; 6, 6; 10, 2; 10, 2;  910
10, 2; 6, 6; 10, 2; 6, 6; 10, 2;  910
10, 2; 6, 6; 10, 2; 10, 2; 6, 6;  910
10, 2; 10, 2; 6, 6; 6, 6; 10, 2;  910
10, 2; 10, 2; 6, 6; 10, 2; 6, 6;  910
10, 2; 10, 2; 10, 2; 6, 6; 6, 6;  910
окрестность 1 вида
8, 2, 2; 10, 2; 10, 2; 10, 2; 10, 2;  910
10, 2; 8, 2, 2; 10, 2; 10, 2; 10, 2;  910
10, 2; 10, 2; 8, 2, 2; 10, 2; 10, 2;  910
10, 2; 10, 2; 10, 2; 8, 2, 2; 10, 2;  910
10, 2; 10, 2; 10, 2; 10, 2; 8, 2, 2;  910
комбинации типов
8, 2, 2; 8, 2, 2; 10, 2; 10, 2; 10, 2;  910
8, 2, 2; 10, 2; 8, 2, 2; 10, 2; 10, 2;  910
8, 2, 2; 10, 2; 10, 2; 8, 2, 2; 10, 2;  910
8, 2, 2; 10, 2; 10, 2; 10, 2; 8, 2, 2;  910
10, 2; 8, 2, 2; 8, 2, 2; 10, 2; 10, 2;  910
10, 2; 8, 2, 2; 10, 2; 8, 2, 2; 10, 2;  910
10, 2; 8, 2, 2; 10, 2; 10, 2; 8, 2, 2;  910
10, 2; 10, 2; 8, 2, 2; 8, 2, 2; 10, 2;  910
10, 2; 10, 2; 8, 2, 2; 10, 2; 8, 2, 2;  910
10, 2; 10, 2; 10, 2; 8, 2, 2; 8, 2, 2;  910
окрестность 1 вида
7, 3, 2; 10, 2; 10, 2; 10, 2; 10, 2;  910
10, 2; 7, 3, 2; 10, 2; 10, 2; 10, 2;  910
10, 2; 10, 2; 7, 3, 2; 10, 2; 10, 2;  910
10, 2; 10, 2; 10, 2; 7, 3, 2; 10, 2;  910
10, 2; 10, 2; 10, 2; 10, 2; 7, 3, 2;  910
комбинации типов
7, 3, 2; 7, 3, 2; 10, 2; 10, 2; 10, 2;  910
7, 3, 2; 10, 2; 7, 3, 2; 10, 2; 10, 2;  910
7, 3, 2; 10, 2; 10, 2; 7, 3, 2; 10, 2;  910
7, 3, 2; 10, 2; 10, 2; 10, 2; 7, 3, 2;  910
10, 2; 7, 3, 2; 7, 3, 2; 10, 2; 10, 2;  910
10, 2; 7, 3, 2; 10, 2; 7, 3, 2; 10, 2;  910
10, 2; 7, 3, 2; 10, 2; 10, 2; 7, 3, 2;  910
10, 2; 10, 2; 7, 3, 2; 7, 3, 2; 10, 2;  910
10, 2; 10, 2; 7, 3, 2; 10, 2; 7, 3, 2;  910
10, 2; 10, 2; 10, 2; 7, 3, 2; 7, 3, 2;  910
окрестность 1 вида
6, 4, 2; 10, 2; 10, 2; 10, 2; 10, 2;  910
6, 3, 3; 10, 2; 10, 2; 10, 2; 10, 2;  910
10, 2; 6, 4, 2; 10, 2; 10, 2; 10, 2;  910
10, 2; 6, 3, 3; 10, 2; 10, 2; 10, 2;  910
10, 2; 10, 2; 6, 4, 2; 10, 2; 10, 2;  910
10, 2; 10, 2; 6, 3, 3; 10, 2; 10, 2;  910
10, 2; 10, 2; 10, 2; 6, 4, 2; 10, 2;  910
10, 2; 10, 2; 10, 2; 6, 3, 3; 10, 2;  910
10, 2; 10, 2; 10, 2; 10, 2; 6, 4, 2;  910
10, 2; 10, 2; 10, 2; 10, 2; 6, 3, 3;  910
комбинации типов
6, 4, 2; 6, 4, 2; 10, 2; 10, 2; 10, 2;  910
6, 4, 2; 6, 3, 3; 10, 2; 10, 2; 10, 2;  910
6, 3, 3; 6, 4, 2; 10, 2; 10, 2; 10, 2;  910
6, 3, 3; 6, 3, 3; 10, 2; 10, 2; 10, 2;  910
6, 4, 2; 10, 2; 6, 4, 2; 10, 2; 10, 2;  910
6, 4, 2; 10, 2; 6, 3, 3; 10, 2; 10, 2;  910
6, 3, 3; 10, 2; 6, 4, 2; 10, 2; 10, 2;  910
6, 3, 3; 10, 2; 6, 3, 3; 10, 2; 10, 2;  910
6, 4, 2; 10, 2; 10, 2; 6, 4, 2; 10, 2;  910
6, 4, 2; 10, 2; 10, 2; 6, 3, 3; 10, 2;  910
6, 3, 3; 10, 2; 10, 2; 6, 4, 2; 10, 2;  910
6, 3, 3; 10, 2; 10, 2; 6, 3, 3; 10, 2;  910
6, 4, 2; 10, 2; 10, 2; 10, 2; 6, 4, 2;  910
6, 4, 2; 10, 2; 10, 2; 10, 2; 6, 3, 3;  910
6, 3, 3; 10, 2; 10, 2; 10, 2; 6, 4, 2;  910
6, 3, 3; 10, 2; 10, 2; 10, 2; 6, 3, 3;  910
10, 2; 6, 4, 2; 6, 4, 2; 10, 2; 10, 2;  910
10, 2; 6, 4, 2; 6, 3, 3; 10, 2; 10, 2;  910
10, 2; 6, 3, 3; 6, 4, 2; 10, 2; 10, 2;  910
10, 2; 6, 3, 3; 6, 3, 3; 10, 2; 10, 2;  910
10, 2; 6, 4, 2; 10, 2; 6, 4, 2; 10, 2;  910
10, 2; 6, 4, 2; 10, 2; 6, 3, 3; 10, 2;  910
10, 2; 6, 3, 3; 10, 2; 6, 4, 2; 10, 2;  910
10, 2; 6, 3, 3; 10, 2; 6, 3, 3; 10, 2;  910
10, 2; 6, 4, 2; 10, 2; 10, 2; 6, 4, 2;  910
10, 2; 6, 4, 2; 10, 2; 10, 2; 6, 3, 3;  910
10, 2; 6, 3, 3; 10, 2; 10, 2; 6, 4, 2;  910
10, 2; 6, 3, 3; 10, 2; 10, 2; 6, 3, 3;  910
10, 2; 10, 2; 6, 4, 2; 6, 4, 2; 10, 2;  910
10, 2; 10, 2; 6, 4, 2; 6, 3, 3; 10, 2;  910
10, 2; 10, 2; 6, 3, 3; 6, 4, 2; 10, 2;  910
10, 2; 10, 2; 6, 3, 3; 6, 3, 3; 10, 2;  910
10, 2; 10, 2; 6, 4, 2; 10, 2; 6, 4, 2;  910
10, 2; 10, 2; 6, 4, 2; 10, 2; 6, 3, 3;  910
10, 2; 10, 2; 6, 3, 3; 10, 2; 6, 4, 2;  910
10, 2; 10, 2; 6, 3, 3; 10, 2; 6, 3, 3;  910
10, 2; 10, 2; 10, 2; 6, 4, 2; 6, 4, 2;  910
10, 2; 10, 2; 10, 2; 6, 4, 2; 6, 3, 3;  910
10, 2; 10, 2; 10, 2; 6, 3, 3; 6, 4, 2;  910
10, 2; 10, 2; 10, 2; 6, 3, 3; 6, 3, 3;  910
окрестность 1 вида
5, 5, 2; 10, 2; 10, 2; 10, 2; 10, 2;  910
5, 4, 3; 10, 2; 10, 2; 10, 2; 10, 2;  910
10, 2; 5, 5, 2; 10, 2; 10, 2; 10, 2;  910
10, 2; 5, 4, 3; 10, 2; 10, 2; 10, 2;  910
10, 2; 10, 2; 5, 5, 2; 10, 2; 10, 2;  910
10, 2; 10, 2; 5, 4, 3; 10, 2; 10, 2;  910
10, 2; 10, 2; 10, 2; 5, 5, 2; 10, 2;  910
10, 2; 10, 2; 10, 2; 5, 4, 3; 10, 2;  910
10, 2; 10, 2; 10, 2; 10, 2; 5, 5, 2;  910
10, 2; 10, 2; 10, 2; 10, 2; 5, 4, 3;  910
комбинации типов
5, 5, 2; 5, 5, 2; 10, 2; 10, 2; 10, 2;  910
5, 5, 2; 5, 4, 3; 10, 2; 10, 2; 10, 2;  910
5, 4, 3; 5, 5, 2; 10, 2; 10, 2; 10, 2;  910
5, 4, 3; 5, 4, 3; 10, 2; 10, 2; 10, 2;  910
5, 5, 2; 10, 2; 5, 5, 2; 10, 2; 10, 2;  910
5, 5, 2; 10, 2; 5, 4, 3; 10, 2; 10, 2;  910
5, 4, 3; 10, 2; 5, 5, 2; 10, 2; 10, 2;  910
5, 4, 3; 10, 2; 5, 4, 3; 10, 2; 10, 2;  910
5, 5, 2; 10, 2; 10, 2; 5, 5, 2; 10, 2;  910
5, 5, 2; 10, 2; 10, 2; 5, 4, 3; 10, 2;  910
5, 4, 3; 10, 2; 10, 2; 5, 5, 2; 10, 2;  910
5, 4, 3; 10, 2; 10, 2; 5, 4, 3; 10, 2;  910
5, 5, 2; 10, 2; 10, 2; 10, 2; 5, 5, 2;  910
5, 5, 2; 10, 2; 10, 2; 10, 2; 5, 4, 3;  910
5, 4, 3; 10, 2; 10, 2; 10, 2; 5, 5, 2;  910
5, 4, 3; 10, 2; 10, 2; 10, 2; 5, 4, 3;  910
10, 2; 5, 5, 2; 5, 5, 2; 10, 2; 10, 2;  910
10, 2; 5, 5, 2; 5, 4, 3; 10, 2; 10, 2;  910
10, 2; 5, 4, 3; 5, 5, 2; 10, 2; 10, 2;  910
10, 2; 5, 4, 3; 5, 4, 3; 10, 2; 10, 2;  910
10, 2; 5, 5, 2; 10, 2; 5, 5, 2; 10, 2;  910
10, 2; 5, 5, 2; 10, 2; 5, 4, 3; 10, 2;  910
10, 2; 5, 4, 3; 10, 2; 5, 5, 2; 10, 2;  910
10, 2; 5, 4, 3; 10, 2; 5, 4, 3; 10, 2;  910
10, 2; 5, 5, 2; 10, 2; 10, 2; 5, 5, 2;  910
10, 2; 5, 5, 2; 10, 2; 10, 2; 5, 4, 3;  910
10, 2; 5, 4, 3; 10, 2; 10, 2; 5, 5, 2;  910
10, 2; 5, 4, 3; 10, 2; 10, 2; 5, 4, 3;  910
10, 2; 10, 2; 5, 5, 2; 5, 5, 2; 10, 2;  910
10, 2; 10, 2; 5, 5, 2; 5, 4, 3; 10, 2;  910
10, 2; 10, 2; 5, 4, 3; 5, 5, 2; 10, 2;  910
10, 2; 10, 2; 5, 4, 3; 5, 4, 3; 10, 2;  910
10, 2; 10, 2; 5, 5, 2; 10, 2; 5, 5, 2;  910
10, 2; 10, 2; 5, 5, 2; 10, 2; 5, 4, 3;  910
10, 2; 10, 2; 5, 4, 3; 10, 2; 5, 5, 2;  910
10, 2; 10, 2; 5, 4, 3; 10, 2; 5, 4, 3;  910
10, 2; 10, 2; 10, 2; 5, 5, 2; 5, 5, 2;  910
10, 2; 10, 2; 10, 2; 5, 5, 2; 5, 4, 3;  910
10, 2; 10, 2; 10, 2; 5, 4, 3; 5, 5, 2;  910
10, 2; 10, 2; 10, 2; 5, 4, 3; 5, 4, 3;  910
окрестность 1 вида
4, 4, 4; 10, 2; 10, 2; 10, 2; 10, 2;  910
10, 2; 4, 4, 4; 10, 2; 10, 2; 10, 2;  910
10, 2; 10, 2; 4, 4, 4; 10, 2; 10, 2;  910
10, 2; 10, 2; 10, 2; 4, 4, 4; 10, 2;  910
10, 2; 10, 2; 10, 2; 10, 2; 4, 4, 4;  910
комбинации типов
4, 4, 4; 4, 4, 4; 10, 2; 10, 2; 10, 2;  910
4, 4, 4; 10, 2; 4, 4, 4; 10, 2; 10, 2;  910
4, 4, 4; 10, 2; 10, 2; 4, 4, 4; 10, 2;  910
4, 4, 4; 10, 2; 10, 2; 10, 2; 4, 4, 4;  910
10, 2; 4, 4, 4; 4, 4, 4; 10, 2; 10, 2;  910
10, 2; 4, 4, 4; 10, 2; 4, 4, 4; 10, 2;  910
10, 2; 4, 4, 4; 10, 2; 10, 2; 4, 4, 4;  910
10, 2; 10, 2; 4, 4, 4; 4, 4, 4; 10, 2;  910
10, 2; 10, 2; 4, 4, 4; 10, 2; 4, 4, 4;  910
10, 2; 10, 2; 10, 2; 4, 4, 4; 4, 4, 4;  910
окрестность 1 вида
6, 2, 2, 2; 10, 2; 10, 2; 10, 2; 10, 2;  910
10, 2; 6, 2, 2, 2; 10, 2; 10, 2; 10, 2;  910
10, 2; 10, 2; 6, 2, 2, 2; 10, 2; 10, 2;  910
10, 2; 10, 2; 10, 2; 6, 2, 2, 2; 10, 2;  910
10, 2; 10, 2; 10, 2; 10, 2; 6, 2, 2, 2;  910
комбинации типов
6, 2, 2, 2; 6, 2, 2, 2; 10, 2; 10, 2; 10, 2;  910
6, 2, 2, 2; 10, 2; 6, 2, 2, 2; 10, 2; 10, 2;  910
6, 2, 2, 2; 10, 2; 10, 2; 6, 2, 2, 2; 10, 2;  910
6, 2, 2, 2; 10, 2; 10, 2; 10, 2; 6, 2, 2, 2;  910
10, 2; 6, 2, 2, 2; 6, 2, 2, 2; 10, 2; 10, 2;  910
10, 2; 6, 2, 2, 2; 10, 2; 6, 2, 2, 2; 10, 2;  910
10, 2; 6, 2, 2, 2; 10, 2; 10, 2; 6, 2, 2, 2;  910
10, 2; 10, 2; 6, 2, 2, 2; 6, 2, 2, 2; 10, 2;  910
10, 2; 10, 2; 6, 2, 2, 2; 10, 2; 6, 2, 2, 2;  910
10, 2; 10, 2; 10, 2; 6, 2, 2, 2; 6, 2, 2, 2;  910
окрестность 1 вида
5, 3, 2, 2; 10, 2; 10, 2; 10, 2; 10, 2;  910
10, 2; 5, 3, 2, 2; 10, 2; 10, 2; 10, 2;  910
10, 2; 10, 2; 5, 3, 2, 2; 10, 2; 10, 2;  910
10, 2; 10, 2; 10, 2; 5, 3, 2, 2; 10, 2;  910
10, 2; 10, 2; 10, 2; 10, 2; 5, 3, 2, 2;  910
комбинации типов
5, 3, 2, 2; 5, 3, 2, 2; 10, 2; 10, 2; 10, 2;  910
5, 3, 2, 2; 10, 2; 5, 3, 2, 2; 10, 2; 10, 2;  910
5, 3, 2, 2; 10, 2; 10, 2; 5, 3, 2, 2; 10, 2;  910
5, 3, 2, 2; 10, 2; 10, 2; 10, 2; 5, 3, 2, 2;  910
10, 2; 5, 3, 2, 2; 5, 3, 2, 2; 10, 2; 10, 2;  910
10, 2; 5, 3, 2, 2; 10, 2; 5, 3, 2, 2; 10, 2;  910
10, 2; 5, 3, 2, 2; 10, 2; 10, 2; 5, 3, 2, 2;  910
10, 2; 10, 2; 5, 3, 2, 2; 5, 3, 2, 2; 10, 2;  910
10, 2; 10, 2; 5, 3, 2, 2; 10, 2; 5, 3, 2, 2;  910
10, 2; 10, 2; 10, 2; 5, 3, 2, 2; 5, 3, 2, 2;  910
окрестность 1 вида
4, 4, 2, 2; 10, 2; 10, 2; 10, 2; 10, 2;  910
4, 3, 3, 2; 10, 2; 10, 2; 10, 2; 10, 2;  910
10, 2; 4, 4, 2, 2; 10, 2; 10, 2; 10, 2;  910
10, 2; 4, 3, 3, 2; 10, 2; 10, 2; 10, 2;  910
10, 2; 10, 2; 4, 4, 2, 2; 10, 2; 10, 2;  910
10, 2; 10, 2; 4, 3, 3, 2; 10, 2; 10, 2;  910
10, 2; 10, 2; 10, 2; 4, 4, 2, 2; 10, 2;  910
10, 2; 10, 2; 10, 2; 4, 3, 3, 2; 10, 2;  910
10, 2; 10, 2; 10, 2; 10, 2; 4, 4, 2, 2;  910
10, 2; 10, 2; 10, 2; 10, 2; 4, 3, 3, 2;  910
комбинации типов
4, 4, 2, 2; 4, 4, 2, 2; 10, 2; 10, 2; 10, 2;  910
4, 4, 2, 2; 4, 3, 3, 2; 10, 2; 10, 2; 10, 2;  910
4, 3, 3, 2; 4, 4, 2, 2; 10, 2; 10, 2; 10, 2;  910
4, 3, 3, 2; 4, 3, 3, 2; 10, 2; 10, 2; 10, 2;  910
4, 4, 2, 2; 10, 2; 4, 4, 2, 2; 10, 2; 10, 2;  910
4, 4, 2, 2; 10, 2; 4, 3, 3, 2; 10, 2; 10, 2;  910
4, 3, 3, 2; 10, 2; 4, 4, 2, 2; 10, 2; 10, 2;  910
4, 3, 3, 2; 10, 2; 4, 3, 3, 2; 10, 2; 10, 2;  910
4, 4, 2, 2; 10, 2; 10, 2; 4, 4, 2, 2; 10, 2;  910
4, 4, 2, 2; 10, 2; 10, 2; 4, 3, 3, 2; 10, 2;  910
4, 3, 3, 2; 10, 2; 10, 2; 4, 4, 2, 2; 10, 2;  910
4, 3, 3, 2; 10, 2; 10, 2; 4, 3, 3, 2; 10, 2;  910
4, 4, 2, 2; 10, 2; 10, 2; 10, 2; 4, 4, 2, 2;  910
4, 4, 2, 2; 10, 2; 10, 2; 10, 2; 4, 3, 3, 2;  910
4, 3, 3, 2; 10, 2; 10, 2; 10, 2; 4, 4, 2, 2;  910
4, 3, 3, 2; 10, 2; 10, 2; 10, 2; 4, 3, 3, 2;  910
10, 2; 4, 4, 2, 2; 4, 4, 2, 2; 10, 2; 10, 2;  910
10, 2; 4, 4, 2, 2; 4, 3, 3, 2; 10, 2; 10, 2;  910
10, 2; 4, 3, 3, 2; 4, 4, 2, 2; 10, 2; 10, 2;  910
10, 2; 4, 3, 3, 2; 4, 3, 3, 2; 10, 2; 10, 2;  910
10, 2; 4, 4, 2, 2; 10, 2; 4, 4, 2, 2; 10, 2;  910
10, 2; 4, 4, 2, 2; 10, 2; 4, 3, 3, 2; 10, 2;  910
10, 2; 4, 3, 3, 2; 10, 2; 4, 4, 2, 2; 10, 2;  910
10, 2; 4, 3, 3, 2; 10, 2; 4, 3, 3, 2; 10, 2;  910
10, 2; 4, 4, 2, 2; 10, 2; 10, 2; 4, 4, 2, 2;  910
10, 2; 4, 4, 2, 2; 10, 2; 10, 2; 4, 3, 3, 2;  910
10, 2; 4, 3, 3, 2; 10, 2; 10, 2; 4, 4, 2, 2;  910
10, 2; 4, 3, 3, 2; 10, 2; 10, 2; 4, 3, 3, 2;  910
10, 2; 10, 2; 4, 4, 2, 2; 4, 4, 2, 2; 10, 2;  910
10, 2; 10, 2; 4, 4, 2, 2; 4, 3, 3, 2; 10, 2;  910
10, 2; 10, 2; 4, 3, 3, 2; 4, 4, 2, 2; 10, 2;  910
10, 2; 10, 2; 4, 3, 3, 2; 4, 3, 3, 2; 10, 2;  910
10, 2; 10, 2; 4, 4, 2, 2; 10, 2; 4, 4, 2, 2;  910
10, 2; 10, 2; 4, 4, 2, 2; 10, 2; 4, 3, 3, 2;  910
10, 2; 10, 2; 4, 3, 3, 2; 10, 2; 4, 4, 2, 2;  910
10, 2; 10, 2; 4, 3, 3, 2; 10, 2; 4, 3, 3, 2;  910
10, 2; 10, 2; 10, 2; 4, 4, 2, 2; 4, 4, 2, 2;  910
10, 2; 10, 2; 10, 2; 4, 4, 2, 2; 4, 3, 3, 2;  910
10, 2; 10, 2; 10, 2; 4, 3, 3, 2; 4, 4, 2, 2;  910
10, 2; 10, 2; 10, 2; 4, 3, 3, 2; 4, 3, 3, 2;  910
окрестность 1 вида
3, 3, 3, 3; 10, 2; 10, 2; 10, 2; 10, 2;  910
10, 2; 3, 3, 3, 3; 10, 2; 10, 2; 10, 2;  910
10, 2; 10, 2; 3, 3, 3, 3; 10, 2; 10, 2;  910
10, 2; 10, 2; 10, 2; 3, 3, 3, 3; 10, 2;  910
10, 2; 10, 2; 10, 2; 10, 2; 3, 3, 3, 3;  910
комбинации типов
3, 3, 3, 3; 3, 3, 3, 3; 10, 2; 10, 2; 10, 2;  910
3, 3, 3, 3; 10, 2; 3, 3, 3, 3; 10, 2; 10, 2;  910
3, 3, 3, 3; 10, 2; 10, 2; 3, 3, 3, 3; 10, 2;  910
3, 3, 3, 3; 10, 2; 10, 2; 10, 2; 3, 3, 3, 3;  910
10, 2; 3, 3, 3, 3; 3, 3, 3, 3; 10, 2; 10, 2;  910
10, 2; 3, 3, 3, 3; 10, 2; 3, 3, 3, 3; 10, 2;  910
10, 2; 3, 3, 3, 3; 10, 2; 10, 2; 3, 3, 3, 3;  910
10, 2; 10, 2; 3, 3, 3, 3; 3, 3, 3, 3; 10, 2;  910
10, 2; 10, 2; 3, 3, 3, 3; 10, 2; 3, 3, 3, 3;  910
10, 2; 10, 2; 10, 2; 3, 3, 3, 3; 3, 3, 3, 3;  910
окрестность 1 вида
4, 2, 2, 2, 2; 10, 2; 10, 2; 10, 2; 10, 2;  910
10, 2; 4, 2, 2, 2, 2; 10, 2; 10, 2; 10, 2;  910
10, 2; 10, 2; 4, 2, 2, 2, 2; 10, 2; 10, 2;  910
10, 2; 10, 2; 10, 2; 4, 2, 2, 2, 2; 10, 2;  910
10, 2; 10, 2; 10, 2; 10, 2; 4, 2, 2, 2, 2;  910
комбинации типов
4, 2, 2, 2, 2; 4, 2, 2, 2, 2; 10, 2; 10, 2; 10, 2;  910
4, 2, 2, 2, 2; 10, 2; 4, 2, 2, 2, 2; 10, 2; 10, 2;  910
4, 2, 2, 2, 2; 10, 2; 10, 2; 4, 2, 2, 2, 2; 10, 2;  910
4, 2, 2, 2, 2; 10, 2; 10, 2; 10, 2; 4, 2, 2, 2, 2;  910
10, 2; 4, 2, 2, 2, 2; 4, 2, 2, 2, 2; 10, 2; 10, 2;  910
10, 2; 4, 2, 2, 2, 2; 10, 2; 4, 2, 2, 2, 2; 10, 2;  910
10, 2; 4, 2, 2, 2, 2; 10, 2; 10, 2; 4, 2, 2, 2, 2;  910
10, 2; 10, 2; 4, 2, 2, 2, 2; 4, 2, 2, 2, 2; 10, 2;  910
10, 2; 10, 2; 4, 2, 2, 2, 2; 10, 2; 4, 2, 2, 2, 2;  910
10, 2; 10, 2; 10, 2; 4, 2, 2, 2, 2; 4, 2, 2, 2, 2;  910
окрестность 1 вида
3, 3, 2, 2, 2; 10, 2; 10, 2; 10, 2; 10, 2;  910
10, 2; 3, 3, 2, 2, 2; 10, 2; 10, 2; 10, 2;  910
10, 2; 10, 2; 3, 3, 2, 2, 2; 10, 2; 10, 2;  910
10, 2; 10, 2; 10, 2; 3, 3, 2, 2, 2; 10, 2;  910
10, 2; 10, 2; 10, 2; 10, 2; 3, 3, 2, 2, 2;  910
комбинации типов
3, 3, 2, 2, 2; 3, 3, 2, 2, 2; 10, 2; 10, 2; 10, 2;  910
3, 3, 2, 2, 2; 10, 2; 3, 3, 2, 2, 2; 10, 2; 10, 2;  910
3, 3, 2, 2, 2; 10, 2; 10, 2; 3, 3, 2, 2, 2; 10, 2;  910
3, 3, 2, 2, 2; 10, 2; 10, 2; 10, 2; 3, 3, 2, 2, 2;  910
10, 2; 3, 3, 2, 2, 2; 3, 3, 2, 2, 2; 10, 2; 10, 2;  910
10, 2; 3, 3, 2, 2, 2; 10, 2; 3, 3, 2, 2, 2; 10, 2;  910
10, 2; 3, 3, 2, 2, 2; 10, 2; 10, 2; 3, 3, 2, 2, 2;  910
10, 2; 10, 2; 3, 3, 2, 2, 2; 3, 3, 2, 2, 2; 10, 2;  910
10, 2; 10, 2; 3, 3, 2, 2, 2; 10, 2; 3, 3, 2, 2, 2;  910
10, 2; 10, 2; 10, 2; 3, 3, 2, 2, 2; 3, 3, 2, 2, 2;  910
окрестность 1 вида
2, 2, 2, 2, 2, 2; 10, 2; 10, 2; 10, 2; 10, 2;  910
10, 2; 2, 2, 2, 2, 2, 2; 10, 2; 10, 2; 10, 2;  910
10, 2; 10, 2; 2, 2, 2, 2, 2, 2; 10, 2; 10, 2;  910
10, 2; 10, 2; 10, 2; 2, 2, 2, 2, 2, 2; 10, 2;  910
10, 2; 10, 2; 10, 2; 10, 2; 2, 2, 2, 2, 2, 2;  910
комбинации типов
2, 2, 2, 2, 2, 2; 2, 2, 2, 2, 2, 2; 10, 2; 10, 2; 10, 2;  910
2, 2, 2, 2, 2, 2; 10, 2; 2, 2, 2, 2, 2, 2; 10, 2; 10, 2;  910
2, 2, 2, 2, 2, 2; 10, 2; 10, 2; 2, 2, 2, 2, 2, 2; 10, 2;  910
2, 2, 2, 2, 2, 2; 10, 2; 10, 2; 10, 2; 2, 2, 2, 2, 2, 2;  910
10, 2; 2, 2, 2, 2, 2, 2; 2, 2, 2, 2, 2, 2; 10, 2; 10, 2;  910
10, 2; 2, 2, 2, 2, 2, 2; 10, 2; 2, 2, 2, 2, 2, 2; 10, 2;  910
10, 2; 2, 2, 2, 2, 2, 2; 10, 2; 10, 2; 2, 2, 2, 2, 2, 2;  910
10, 2; 10, 2; 2, 2, 2, 2, 2, 2; 2, 2, 2, 2, 2, 2; 10, 2;  910
10, 2; 10, 2; 2, 2, 2, 2, 2, 2; 10, 2; 2, 2, 2, 2, 2, 2;  910
10, 2; 10, 2; 10, 2; 2, 2, 2, 2, 2, 2; 2, 2, 2, 2, 2, 2;  910
окрестность 1 вида
комбинации типов
