6, 2; 6, 2; 6, 2; 6, 2; 6, 2;  1618 Начальное решение
окрестность 1 вида
5, 3; 6, 2; 6, 2; 6, 2; 6, 2;  1618
6, 2; 5, 3; 6, 2; 6, 2; 6, 2;  1618
6, 2; 6, 2; 5, 3; 6, 2; 6, 2;  1618
6, 2; 6, 2; 6, 2; 5, 3; 6, 2;  1618
6, 2; 6, 2; 6, 2; 6, 2; 5, 3;  1650
комбинации типов
5, 3; 5, 3; 5, 3; 5, 3; 5, 3;  1650
окрестность 1 вида
4, 4; 6, 2; 6, 2; 6, 2; 6, 2;  1618
6, 2; 4, 4; 6, 2; 6, 2; 6, 2;  1618
6, 2; 6, 2; 4, 4; 6, 2; 6, 2;  1618
6, 2; 6, 2; 6, 2; 4, 4; 6, 2;  1618
6, 2; 6, 2; 6, 2; 6, 2; 4, 4;  1682
комбинации типов
4, 4; 4, 4; 4, 4; 4, 4; 4, 4;  1682
окрестность 1 вида
4, 2, 2; 6, 2; 6, 2; 6, 2; 6, 2;  1618
6, 2; 4, 2, 2; 6, 2; 6, 2; 6, 2;  1618
6, 2; 6, 2; 4, 2, 2; 6, 2; 6, 2;  1618
6, 2; 6, 2; 6, 2; 4, 2, 2; 6, 2;  1618
6, 2; 6, 2; 6, 2; 6, 2; 4, 2, 2;  1618
комбинации типов
4, 2, 2; 4, 2, 2; 4, 2, 2; 4, 2, 2; 4, 2, 2;  1618
окрестность 1 вида
3, 3, 2; 6, 2; 6, 2; 6, 2; 6, 2;  1618
6, 2; 3, 3, 2; 6, 2; 6, 2; 6, 2;  1618
6, 2; 6, 2; 3, 3, 2; 6, 2; 6, 2;  1618
6, 2; 6, 2; 6, 2; 3, 3, 2; 6, 2;  1618
6, 2; 6, 2; 6, 2; 6, 2; 3, 3, 2;  1618
комбинации типов
3, 3, 2; 3, 3, 2; 3, 3, 2; 3, 3, 2; 3, 3, 2;  1618
окрестность 1 вида
2, 2, 2, 2; 6, 2; 6, 2; 6, 2; 6, 2;  1618
6, 2; 2, 2, 2, 2; 6, 2; 6, 2; 6, 2;  1618
6, 2; 6, 2; 2, 2, 2, 2; 6, 2; 6, 2;  1618
6, 2; 6, 2; 6, 2; 2, 2, 2, 2; 6, 2;  1618
6, 2; 6, 2; 6, 2; 6, 2; 2, 2, 2, 2;  1618
комбинации типов
2, 2, 2, 2; 2, 2, 2, 2; 2, 2, 2, 2; 2, 2, 2, 2; 2, 2, 2, 2;  1618
окрестность 1 вида
комбинации типов
6, 2; 6, 2; 6, 2; 6, 2; 6, 2;  1618
