138
142
150
166
180
_____________________
238
242
248
264
296
_____________________
430
434
442
458
490
_____________________
816
818
826
844
874
_____________________
1582
1588
1594
1610
1644
_____________________


138
142
150
166
178
_____________________
238
242
248
262
296
_____________________
430
436
442
458
490
_____________________
814
820
826
844
876
_____________________
1582
1588
1594
1610
1642
_____________________
612
614
618
626
642
_____________________
1212
1214
1218
1226
1242
_____________________
2412
2414
2418
2426
2442
_____________________
4812
4814
4818
4826
4842
_____________________
9612
9614
9618
9626
9642
_____________________
84
86
90
98
98
_____________________
_____________________
156
158
162
168
170
_____________________
_____________________
300
302
306
300
308
_____________________
_____________________
588
590
586
528
544
_____________________
_____________________
1164
1166
1172
1040
1170
_____________________
_____________________
138
142
150
166
198
_____________________
238
244
246
264
298
_____________________
430
434
444
460
490
_____________________
814
820
826
842
876
_____________________
1582
1590
1598
1610
1644
_____________________
_____________________()()_____
