L= 5 N = 5

Количество данных для типов 8

100
104
112
120
134
_____________________
164
170
176
192
216
_____________________
292
296
304
320
352
_____________________
548
554
560
578
608
_____________________
1060
1064
1074
1088
1120



Количество данных для типов 12
_____________________
138
144
150
166
186
_____________________
238
242
252
264
294
_____________________
430
436
444
458
492
_____________________
814
818
828
842
876
_____________________
1586
1586
1594
1610
1644



Количество данных для типов 16
_____________________
178
182
190
206
222
_____________________
312
318
320
342
368
_____________________
568
574
580
598
628
_____________________
1080
1086
1094
1108
1140
_____________________
2106
2110
2116
2132
2166



Количество данных для типов 24
_____________________
258
262
270
286
318
_____________________
462
466
464
480
520
_____________________
844
850
856
874
904
_____________________
1614
1618
1624
1640
1676
_____________________
3150
3158
3162
3178
3212



Количество данных для типов 32
_____________________
338
342
350
366
398
_____________________
612
616
622
636
654
_____________________
1118
1132
1134
1148
1182
_____________________
2144
2152
2160
2176
2206
_____________________
4196
4198
4208
4222
4252
_____________________


L= 5 N = 10


Количество данных для типов 8


190
198
216
246
310
_____________________
278
288
302
334
400
_____________________
454
462
478
512
574
_____________________
806
814
830
862
926
_____________________
1510
1518
1534
1568
1630
_____________________



Количество данных для типов 12

268
278
298
330
392
_____________________
396
406
424
458
520
_____________________
652
662
680
712
776
_____________________
1164
1176
1192
1224
1290
_____________________
2188
2198
2218
2248
2314
_____________________




Количество данных для типов 16

348
358
378
412
474
_____________________
516
526
546
578
642
_____________________
852
862
882
914
982
_____________________
1524
1534
1554
1588
1650
_____________________
2868
2878
2898
2932
2994
_____________________



Количество данных для типов 24

508
518
538
576
642
_____________________
756
766
786
822
886
_____________________
1252
1262
1282
1318
1386
_____________________
2244
2254
2274
2314
2376
_____________________
4228
4238
4258
4294
4360
_____________________


Количество данных для типов 32

668
678
698
738
806
_____________________
996
1006
1026
1066
1136
_____________________
1652
1662
1682
1722
1788
_____________________
2964
2974
2994
3034
3100
_____________________
5588
5598
5618
5658
5724
_____________________


L=10 N=5


Количество данных для типов 8

110
114
122
138
144
_____________________
194
198
206
214
230
_____________________
362
366
374
380
398
_____________________
698
702
710
716
732
_____________________
1354
1374
1360
1376
1404
_____________________

Количество данных для типов 12


148
152
160
176
194
_____________________
272
276
284
300
312
_____________________
520
524
532
544
564
_____________________
1018
1020
1028
1042
1076
_____________________
2002
2014
2010
2030
2048
_____________________


Количество данных для типов 16

188
192
200
216
248
_____________________
352
356
364
380
412
_____________________
680
684
692
708
734
_____________________
1336
1340
1348
1364
1396
_____________________
2648
2652
2660
2676
2708
_____________________


Количество данных для типов 24

268
272
280
296
328
_____________________
512
516
524
540
572
_____________________
1000
1004
1012
1028
1060
_____________________
1976
1980
1988
2004
2036
_____________________
3928
3932
3940
3956
3980
_____________________


Количество данных для типов 32

348
352
360
376
408
_____________________
672
676
684
700
732
_____________________
1320
1324
1332
1348
1380
_____________________
2616
2620
2628
2644
2676
_____________________
5208
5212
5220
5236
5268
_____________________

L = 10 N = 10


Количество данных для типов 8

200
210
224
258
322
_____________________
298
308
324
354
420
_____________________
494
502
518
550
616
_____________________
886
896
910
942
1006
_____________________
1670
1680
1694
1726
1790
_____________________


Количество данных для типов 12

278
288
308
338
404
_____________________
416
426
446
476
542
_____________________
692
702
722
752
818
_____________________
1244
1254
1274
1306
1370
_____________________
2348
2358
2376
2410
2472
_____________________


Количество данных для типов 16

358
368
388
422
486
_____________________
536
546
566
598
662
_____________________
892
902
922
956
1020
_____________________
1604
1614
1634
1668
1732
_____________________
3028
3038
3058
3090
3154
_____________________


Количество данных для типов 24

518
528
548
586
652
_____________________
776
786
806
842
906
_____________________
1292
1302
1322
1360
1422
_____________________
2324
2334
2354
2392
2454
_____________________
4388
4398
4418
4456
4522
_____________________


Количество данных для типов 32

678
688
708
748
812
_____________________
1016
1026
1046
1086
1152
_____________________
1692
1702
1722
1762
1828
_____________________
3044
3054
3074
3114
3184
_____________________
5748
5758
5778
5818
5886
_____________________
